0 0.17626953125 0.34912109375 0.01953125 0.01953125
0 0.25927734375 0.39990234375 0.01953125 0.01953125
0 0.31396484375 0.41064453125 0.01953125 0.01953125
0 0.30517578125 0.43115234375 0.01953125 0.01953125
0 0.50244140625 0.32177734375 0.01953125 0.01953125
0 0.52197265625 0.42041015625 0.01953125 0.01953125
0 0.60595703125 0.38330078125 0.01953125 0.01953125
0 0.65380859375 0.45068359375 0.01953125 0.01953125
0 0.31591796875 0.53369140625 0.01953125 0.01953125
0 0.35693359375 0.52001953125 0.01953125 0.01953125
0 0.40576171875 0.50439453125 0.01953125 0.01953125
0 0.43505859375 0.49658203125 0.01953125 0.01953125
0 0.49072265625 0.50048828125 0.01953125 0.01953125
0 0.58642578125 0.57080078125 0.01953125 0.01953125
0 0.56982421875 0.60009765625 0.01953125 0.01953125
0 0.70947265625 0.59326171875 0.01953125 0.01953125
0 0.47509765625 0.63720703125 0.01953125 0.01953125
0 0.65478515625 0.64892578125 0.01953125 0.01953125
0 0.67919921875 0.68017578125 0.01953125 0.01953125
0 0.24267578125 0.70947265625 0.01953125 0.01953125
0 0.52685546875 0.70556640625 0.01953125 0.01953125
0 0.14306640625 0.74658203125 0.01953125 0.01953125
0 0.17333984375 0.75439453125 0.01953125 0.01953125
0 0.33349609375 0.74755859375 0.01953125 0.01953125
0 0.35107421875 0.75146484375 0.01953125 0.01953125
0 0.57666015625 0.80615234375 0.01953125 0.01953125
0 0.69970703125 0.83740234375 0.01953125 0.01953125
0 0.12353515625 0.80224609375 0.01953125 0.01953125
0 0.68310546875 0.86962890625 0.01953125 0.01953125
