0 0.21240234375 0.36083984375 0.01953125 0.01953125
0 0.35791015625 0.35009765625 0.01953125 0.01953125
0 0.44482421875 0.32958984375 0.01953125 0.01953125
0 0.61865234375 0.38525390625 0.01953125 0.01953125
0 0.14794921875 0.42724609375 0.01953125 0.01953125
0 0.15966796875 0.44873046875 0.01953125 0.01953125
0 0.13232421875 0.47900390625 0.01953125 0.01953125
0 0.14990234375 0.48193359375 0.01953125 0.01953125
0 0.35205078125 0.44287109375 0.01953125 0.01953125
0 0.38720703125 0.42529296875 0.01953125 0.01953125
0 0.75048828125 0.59033203125 0.01953125 0.01953125
0 0.46142578125 0.66748046875 0.01953125 0.01953125
0 0.71923828125 0.65966796875 0.01953125 0.01953125
0 0.77294921875 0.64697265625 0.01953125 0.01953125
0 0.76123046875 0.69384765625 0.01953125 0.01953125
0 0.14892578125 0.72216796875 0.01953125 0.01953125
0 0.41845703125 0.71923828125 0.01953125 0.01953125
0 0.48388671875 0.72412109375 0.01953125 0.01953125
0 0.54248046875 0.72216796875 0.01953125 0.01953125
0 0.56103515625 0.71630859375 0.01953125 0.01953125
0 0.55712890625 0.73095703125 0.01953125 0.01953125
0 0.32470703125 0.77294921875 0.01953125 0.01953125
0 0.27490234375 0.83349609375 0.01953125 0.01953125
0 0.78759765625 0.80908203125 0.01953125 0.01953125
0 0.47314453125 0.90771484375 0.01953125 0.01953125
