0 0.54931640625 0.37548828125 0.01953125 0.01953125
0 0.58740234375 0.41259765625 0.01953125 0.01953125
0 0.66845703125 0.41064453125 0.01953125 0.01953125
0 0.21826171875 0.46923828125 0.01953125 0.01953125
0 0.57763671875 0.49072265625 0.01953125 0.01953125
0 0.63916015625 0.50341796875 0.01953125 0.01953125
0 0.73583984375 0.47021484375 0.01953125 0.01953125
0 0.32373046875 0.53466796875 0.01953125 0.01953125
0 0.65771484375 0.53173828125 0.01953125 0.01953125
0 0.77392578125 0.51025390625 0.01953125 0.01953125
0 0.50732421875 0.58740234375 0.01953125 0.01953125
0 0.72607421875 0.65576171875 0.01953125 0.01953125
0 0.21923828125 0.78466796875 0.01953125 0.01953125
0 0.52783203125 0.78564453125 0.01953125 0.01953125
0 0.69482421875 0.74267578125 0.01953125 0.01953125
0 0.27587890625 0.85107421875 0.01953125 0.01953125
0 0.32177734375 0.84228515625 0.01953125 0.01953125
0 0.50927734375 0.80908203125 0.01953125 0.01953125
0 0.55224609375 0.80419921875 0.01953125 0.01953125
0 0.59423828125 0.81689453125 0.01953125 0.01953125
0 0.67333984375 0.78564453125 0.01953125 0.01953125
0 0.71435546875 0.79931640625 0.01953125 0.01953125
0 0.77880859375 0.77197265625 0.01953125 0.01953125
0 0.15380859375 0.86376953125 0.01953125 0.01953125
0 0.72119140625 0.83740234375 0.01953125 0.01953125
0 0.78076171875 0.82861328125 0.01953125 0.01953125
0 0.74169921875 0.86669921875 0.01953125 0.01953125
