0 0.12646484375 0.34716796875 0.01953125 0.01953125
0 0.16455078125 0.35400390625 0.01953125 0.01953125
0 0.72021484375 0.33837890625 0.01953125 0.01953125
0 0.50341796875 0.39306640625 0.01953125 0.01953125
0 0.40771484375 0.46142578125 0.01953125 0.01953125
0 0.45654296875 0.48681640625 0.01953125 0.01953125
0 0.63134765625 0.46630859375 0.01953125 0.01953125
0 0.56201171875 0.51220703125 0.01953125 0.01953125
0 0.59521484375 0.52197265625 0.01953125 0.01953125
0 0.62451171875 0.51416015625 0.01953125 0.01953125
0 0.64013671875 0.49853515625 0.01953125 0.01953125
0 0.33154296875 0.58154296875 0.01953125 0.01953125
0 0.74365234375 0.60009765625 0.01953125 0.01953125
0 0.40966796875 0.62548828125 0.01953125 0.01953125
0 0.59716796875 0.62646484375 0.01953125 0.01953125
0 0.22705078125 0.71435546875 0.01953125 0.01953125
0 0.44677734375 0.70263671875 0.01953125 0.01953125
0 0.45068359375 0.72509765625 0.01953125 0.01953125
0 0.39501953125 0.74658203125 0.01953125 0.01953125
